-10	-36
-10	-39
-10	-41
-10	-56
-10	-57
-10	-62
-10	-64
-10	-68
-10	-75
-10	-76
-10	-77
-10	-78
-10	-79
-10	146
-10	147
-10	22
-11	-38
-11	-46
-11	-54
-11	-63
-11	-69
-11	-70
-11	-74
-11	-75
-11	-76
-11	-77
-11	-78
-11	-79
-11	142
-11	23
-11	26
-11	27
-11	33
-12	-38
-12	-62
-12	-69
-12	-70
-12	-71
-12	-72
-12	-73
-12	-74
-12	-75
-12	-76
-12	-77
-12	-78
-12	-80
-12	27
-12	32
-122	40
-123	39
-13	-39
-13	-40
-13	-41
-13	-42
-13	-57
-13	-61
-13	-66
-13	-69
-13	-70
-13	-71
-13	-72
-13	-73
-13	-74
-13	-75
-13	-76
-13	-77
-13	-78
-13	-79
-13	130
-13	131
-13	132
-13	133
-13	143
-13	27
-13	28
-13	31
-13	32
-14	-172
-14	-39
-14	-40
-14	-41
-14	-60
-14	-61
-14	-62
-14	-64
-14	-65
-14	-66
-14	-67
-14	-69
-14	-70
-14	-71
-14	-72
-14	-73
-14	-74
-14	-75
-14	-76
-14	-77
-14	130
-14	131
-14	132
-14	28
-14	29
-14	30
-14	31
-14	33
-14	34
-15	-148
-15	-172
-15	-40
-15	-41
-15	-61
-15	-62
-15	-65
-15	-68
-15	-69
-15	-70
-15	-71
-15	-72
-15	-73
-15	-74
-15	-76
-15	-77
-15	125
-15	126
-15	131
-15	132
-15	133
-15	143
-15	145
-15	26
-15	27
-15	28
-15	30
-15	33
-15	34
-15	35
-16	-148
-16	-45
-16	-48
-16	-50
-16	-56
-16	-57
-16	-58
-16	-60
-16	-62
-16	-63
-16	-65
-16	-66
-16	-69
-16	-70
-16	-71
-16	-72
-16	-74
-16	-76
-16	125
-16	127
-16	128
-16	129
-16	130
-16	131
-16	133
-16	135
-16	136
-16	143
-16	144
-16	145
-16	167
-16	25
-16	26
-16	27
-16	28
-16	35
-16	46
-17	-151
-17	-152
-17	-180
-17	-54
-17	-55
-17	-56
-17	-57
-17	-58
-17	-60
-17	-61
-17	-62
-17	-65
-17	-66
-17	-68
-17	-69
-17	-70
-17	-71
-17	-72
-17	-73
-17	-74
-17	125
-17	126
-17	128
-17	129
-17	130
-17	132
-17	133
-17	134
-17	135
-17	136
-17	144
-17	145
-17	146
-17	179
-17	26
-17	27
-17	28
-17	46
-17	47
-18	-150
-18	-45
-18	-57
-18	-59
-18	-61
-18	-62
-18	-63
-18	-64
-18	-65
-18	-66
-18	-67
-18	-68
-18	-70
-18	-71
-18	-72
-18	-73
-18	122
-18	123
-18	124
-18	125
-18	127
-18	128
-18	13
-18	130
-18	131
-18	138
-18	14
-18	140
-18	141
-18	144
-18	145
-18	146
-18	168
-18	177
-18	178
-18	19
-18	22
-18	23
-18	24
-18	25
-18	30
-18	31
-18	36
-19	-44
-19	-53
-19	-55
-19	-58
-19	-60
-19	-61
-19	-63
-19	-64
-19	-65
-19	-66
-19	-68
-19	-69
-19	-70
-19	-71
-19	122
-19	125
-19	126
-19	127
-19	128
-19	135
-19	136
-19	138
-19	139
-19	142
-19	143
-19	144
-19	146
-19	16
-19	162
-19	177
-19	178
-19	19
-19	21
-19	22
-19	23
-19	24
-19	25
-19	26
-19	30
-19	32
-19	47
-19	48
-2	-49
-2	-51
-2	-61
-2	-62
-2	-64
-2	-78
-2	-79
-2	-80
-2	-81
-2	-82
-2	-90
-2	-91
-2	-92
-2	101
-2	112
-2	113
-2	119
-2	120
-2	133
-2	135
-2	136
-2	14
-2	28
-2	29
-2	30
-2	33
-2	34
-2	35
-2	36
-2	37
-2	9
-20	-41
-20	-42
-20	-44
-20	-49
-20	-57
-20	-58
-20	-61
-20	-64
-20	-65
-20	-66
-20	-68
-20	-69
-20	-70
-20	-71
-20	120
-20	129
-20	134
-20	135
-20	136
-20	138
-20	139
-20	140
-20	146
-20	147
-20	15
-20	16
-20	177
-20	178
-20	18
-20	22
-20	23
-20	26
-20	27
-20	32
-20	47
-20	48
-20	57
-21	-159
-21	-41
-21	-42
-21	-44
-21	-45
-21	-46
-21	-47
-21	-48
-21	-55
-21	-56
-21	-57
-21	-59
-21	-60
-21	-61
-21	-63
-21	-64
-21	-67
-21	-68
-21	-69
-21	-70
-21	-71
-21	117
-21	118
-21	134
-21	136
-21	139
-21	14
-21	141
-21	148
-21	149
-21	16
-21	164
-21	165
-21	167
-21	17
-21	23
-21	24
-21	25
-21	26
-21	27
-21	28
-21	30
-21	31
-21	47
-21	55
-21	57
-22	-150
-22	-160
-22	-175
-22	-176
-22	-43
-22	-44
-22	-48
-22	-53
-22	-55
-22	-57
-22	-58
-22	-61
-22	-63
-22	-64
-22	-65
-22	-66
-22	-68
-22	-69
-22	-70
-22	-71
-22	118
-22	13
-22	139
-22	148
-22	149
-22	15
-22	16
-22	165
-22	167
-22	27
-22	29
-22	47
-22	55
-23	-42
-23	-43
-23	-44
-23	-45
-23	-46
-23	-47
-23	-48
-23	-49
-23	-50
-23	-52
-23	-55
-23	-60
-23	-61
-23	-66
-23	-67
-23	-68
-23	-69
-23	-70
-23	-71
-23	113
-23	114
-23	117
-23	118
-23	119
-23	133
-23	14
-23	149
-23	15
-23	150
-23	16
-23	166
-23	17
-23	26
-23	27
-23	30
-23	31
-23	44
-23	45
-23	47
-24	-45
-24	-46
-24	-47
-24	-48
-24	-58
-24	-59
-24	-62
-24	-65
-24	-66
-24	-68
-24	-69
-24	-71
-24	113
-24	118
-24	119
-24	132
-24	133
-24	14
-24	144
-24	148
-24	149
-24	150
-24	151
-24	152
-24	16
-24	22
-24	29
-24	30
-24	31
-24	43
-24	47
-25	-47
-25	-48
-25	-49
-25	-51
-25	-58
-25	-59
-25	-64
-25	-65
-25	-66
-25	-67
-25	114
-25	115
-25	131
-25	133
-25	134
-25	139
-25	148
-25	151
-25	152
-25	25
-25	28
-25	30
-25	31
-25	46
-26	-45
-26	-48
-26	-49
-26	-50
-26	-51
-26	-55
-26	-56
-26	-58
-26	-62
-26	-65
-26	-66
-26	-71
-26	113
-26	130
-26	131
-26	132
-26	133
-26	138
-26	139
-26	140
-26	141
-26	142
-26	143
-26	144
-26	146
-26	148
-26	152
-26	153
-26	20
-26	27
-26	28
-26	29
-26	30
-26	31
-26	32
-26	46
-27	-49
-27	-54
-27	-55
-27	-57
-27	-58
-27	-59
-27	-60
-27	-66
-27	-67
-27	-69
-27	-70
-27	-71
-27	113
-27	114
-27	115
-27	116
-27	117
-27	119
-27	138
-27	139
-27	146
-27	147
-27	150
-27	151
-27	152
-27	153
-27	18
-27	20
-27	26
-27	27
-27	28
-27	30
-27	31
-27	32
-28	-110
-28	-49
-28	-54
-28	-55
-28	-56
-28	-57
-28	-58
-28	-59
-28	-66
-28	-70
-28	-71
-28	114
-28	116
-28	117
-28	13
-28	133
-28	140
-28	144
-28	145
-28	151
-28	152
-28	153
-28	154
-28	17
-28	25
-28	28
-28	29
-28	30
-28	31
-28	32
-29	-51
-29	-57
-29	-58
-29	-66
-29	-69
-29	-72
-29	114
-29	115
-29	116
-29	117
-29	138
-29	140
-29	142
-29	144
-29	145
-29	150
-29	151
-29	152
-29	153
-29	16
-29	167
-29	17
-29	19
-29	20
-29	21
-29	22
-29	24
-29	25
-29	26
-29	27
-29	28
-29	29
-29	31
-29	32
-3	-55
-3	-57
-3	-58
-3	-60
-3	-61
-3	-62
-3	-71
-3	-72
-3	-73
-3	-74
-3	-77
-3	-78
-3	-79
-3	-80
-3	-81
-3	101
-3	113
-3	140
-3	146
-3	150
-3	25
-3	27
-3	28
-3	30
-3	32
-3	33
-3	34
-3	35
-3	36
-3	37
-3	38
-3	39
-3	9
-30	-51
-30	-59
-30	-65
-30	-72
-30	115
-30	116
-30	117
-30	121
-30	138
-30	141
-30	142
-30	144
-30	147
-30	149
-30	150
-30	151
-30	152
-30	153
-30	16
-30	167
-30	17
-30	18
-30	19
-30	20
-30	21
-30	24
-30	25
-30	26
-30	27
-30	28
-30	29
-30	30
-30	31
-31	-179
-31	-54
-31	-62
-31	-63
-31	-65
-31	-71
-31	-72
-31	114
-31	115
-31	116
-31	138
-31	145
-31	146
-31	147
-31	148
-31	149
-31	150
-31	151
-31	152
-31	153
-31	17
-31	18
-31	20
-31	25
-31	26
-31	28
-31	29
-31	30
-32	-51
-32	-52
-32	-56
-32	-57
-32	-58
-32	-59
-32	-61
-32	-65
-32	-66
-32	-69
-32	-71
-32	-72
-32	114
-32	115
-32	116
-32	129
-32	130
-32	133
-32	138
-32	141
-32	142
-32	148
-32	149
-32	150
-32	151
-32	152
-32	18
-32	19
-32	28
-32	29
-33	-53
-33	-55
-33	-58
-33	-59
-33	-61
-33	-69
-33	-70
-33	-71
-33	-72
-33	-73
-33	115
-33	116
-33	117
-33	118
-33	121
-33	122
-33	126
-33	135
-33	137
-33	138
-33	148
-33	149
-33	150
-33	151
-33	152
-33	17
-33	18
-33	19
-33	22
-33	24
-33	25
-33	27
-33	28
-34	-54
-34	-55
-34	-58
-34	-59
-34	-60
-34	-62
-34	-69
-34	-70
-34	-71
-34	-72
-34	-79
-34	114
-34	115
-34	116
-34	117
-34	119
-34	121
-34	122
-34	123
-34	135
-34	136
-34	138
-34	139
-34	140
-34	145
-34	146
-34	147
-34	148
-34	149
-34	150
-34	151
-34	152
-34	18
-34	19
-34	20
-34	22
-34	23
-34	24
-34	25
-34	26
-34	27
-35	-54
-35	-55
-35	-56
-35	-57
-35	-58
-35	-59
-35	-60
-35	-62
-35	-63
-35	-69
-35	-71
-35	-72
-35	-73
-35	115
-35	116
-35	117
-35	118
-35	119
-35	135
-35	137
-35	138
-35	139
-35	140
-35	141
-35	142
-35	143
-35	145
-35	146
-35	148
-35	149
-35	150
-35	151
-35	172
-35	173
-35	18
-35	19
-35	20
-35	21
-35	22
-35	23
-35	25
-36	-58
-36	-59
-36	-69
-36	-70
-36	-71
-36	-72
-36	-73
-36	117
-36	136
-36	137
-36	138
-36	139
-36	140
-36	141
-36	142
-36	143
-36	144
-36	145
-36	148
-36	149
-36	150
-36	151
-36	152
-36	173
-36	174
-36	175
-37	-56
-37	-57
-37	-58
-37	-64
-37	-66
-37	-71
-37	-72
-37	-73
-37	-74
-37	-75
-37	137
-37	139
-37	141
-37	143
-37	144
-37	145
-37	146
-37	148
-37	149
-37	150
-37	173
-37	174
-37	175
-38	-13
-38	-57
-38	-72
-38	-73
-38	-74
-38	140
-38	141
-38	142
-38	143
-38	144
-38	145
-38	146
-38	147
-38	148
-38	149
-38	150
-38	174
-38	175
-38	176
-38	177
-38	178
-39	-58
-39	-63
-39	-64
-39	-69
-39	-72
-39	-73
-39	-74
-39	-75
-39	140
-39	141
-39	142
-39	143
-39	144
-39	145
-39	146
-39	174
-39	175
-39	176
-39	177
-39	178
-4	-33
-4	-60
-4	-61
-4	-62
-4	-63
-4	-64
-4	-71
-4	-73
-4	-74
-4	-79
-4	-80
-4	-81
-4	-82
-4	-83
-4	138
-4	151
-4	29
-4	34
-4	35
-4	36
-4	37
-4	38
-4	39
-4	40
-40	-67
-40	-68
-40	-69
-40	-70
-40	-71
-40	-72
-40	-73
-40	-74
-40	-75
-40	145
-40	146
-40	174
-40	175
-40	176
-40	177
-41	-10
-41	-58
-41	-60
-41	-65
-41	-66
-41	-69
-41	-71
-41	-72
-41	-73
-41	-74
-41	-87
-41	146
-41	148
-41	172
-41	173
-41	174
-41	175
-41	176
-42	-63
-42	-66
-42	-71
-42	-72
-42	-73
-42	-74
-42	-75
-42	145
-42	146
-42	147
-42	148
-42	152
-42	170
-42	171
-42	172
-42	173
-42	174
-42	175
-43	-12
-43	-64
-43	-65
-43	-66
-43	-72
-43	-74
-43	-75
-43	145
-43	146
-43	147
-43	148
-43	170
-43	171
-43	172
-43	173
-43	174
-43	72
-44	-176
-44	-177
-44	-64
-44	-66
-44	-68
-44	-69
-44	-71
-44	-73
-44	-74
-44	146
-44	147
-44	148
-44	149
-44	151
-44	152
-44	153
-44	154
-44	168
-44	169
-44	170
-44	171
-44	172
-44	173
-45	-16
-45	-176
-45	-177
-45	-66
-45	-72
-45	-73
-45	-92
-45	145
-45	146
-45	155
-45	167
-45	168
-45	169
-45	170
-45	171
-45	172
-45	179
-46	-123
-46	-171
-46	-178
-46	-67
-46	-68
-46	-71
-46	-72
-46	-73
-46	-74
-46	-75
-46	145
-46	166
-46	167
-46	168
-46	169
-46	170
-46	171
-46	175
-47	-24
-47	-68
-47	-72
-47	-73
-47	-77
-47	155
-47	165
-47	166
-47	167
-47	168
-47	169
-47	170
-48	-62
-48	-63
-48	-66
-48	-71
-48	-73
-48	-81
-48	139
-48	144
-48	166
-48	167
-48	168
-49	-70
-49	-77
-49	147
-49	154
-49	166
-49	167
-49	168
-5	-40
-5	-41
-5	-70
-5	-71
-5	-74
-5	-75
-5	-79
-5	-80
-5	-81
-5	-82
-5	105
-5	138
-5	15
-5	152
-5	29
-5	35
-5	36
-5	38
-5	39
-5	55
-50	-62
-50	-67
-50	-73
-50	-74
-50	-75
-50	134
-50	135
-50	155
-50	167
-50	168
-50	178
-51	-69
-51	-70
-51	-72
-51	-73
-51	-74
-51	-75
-51	130
-51	142
-51	143
-51	154
-51	155
-51	165
-51	166
-51	168
-51	169
-52	-55
-52	-56
-52	-57
-52	-58
-52	-59
-52	-60
-52	-61
-52	-62
-52	-70
-52	-71
-52	-73
-52	-74
-52	-75
-52	155
-52	164
-52	167
-52	168
-52	169
-53	-48
-53	-49
-53	-50
-53	-51
-53	-52
-53	-53
-53	-54
-53	-59
-53	-60
-53	-63
-53	-64
-53	-65
-53	-69
-53	-70
-53	-71
-53	-72
-53	-74
-53	-76
-53	154
-53	169
-54	-38
-54	-39
-54	-40
-54	-41
-54	-43
-54	-44
-54	-45
-54	-46
-54	-47
-54	-48
-54	-49
-54	-64
-54	-68
-54	-69
-54	-70
-54	-71
-54	-72
-54	116
-54	154
-54	164
-54	169
-55	-36
-55	-37
-55	-38
-55	-39
-55	-53
-55	-62
-55	-65
-55	-66
-55	-67
-55	-68
-55	-69
-55	-70
-55	-71
-55	-74
-55	141
-55	155
-55	158
-56	-57
-56	-63
-56	-65
-56	-66
-56	-67
-56	-68
-56	-69
-56	-72
-56	153
-56	154
-57	-38
-57	-39
-57	-42
-57	-66
-57	-67
-57	-68
-57	140
-57	155
-58	-40
-58	-41
-58	-43
-58	-54
-58	-64
-58	-67
-59	-59
-59	-63
-59	-64
-59	139
-6	-74
-6	-75
-6	-78
-6	-79
-6	-80
-6	-81
-6	106
-6	119
-6	12
-6	123
-6	141
-6	142
-6	143
-6	144
-6	145
-6	149
-6	15
-6	150
-6	22
-6	23
-6	38
-6	39
-6	53
-60	-43
-60	-44
-60	-48
-60	-61
-60	-62
-60	-64
-60	-65
-60	-68
-61	-44
-61	-45
-61	-46
-61	-55
-61	-56
-61	-60
-61	-61
-61	-64
-61	-66
-61	139
-62	-49
-62	-51
-62	-55
-62	-58
-62	-59
-62	-63
-63	-51
-63	-53
-63	-58
-63	-59
-63	-60
-63	-61
-63	-62
-64	-54
-64	-56
-64	-57
-64	-58
-64	-60
-64	-61
-64	139
-64	150
-65	-57
-65	-60
-65	-63
-65	-64
-65	139
-66	-64
-66	-65
-66	139
-7	-75
-7	-76
-7	-77
-7	-78
-7	-79
-7	-80
-7	105
-7	106
-7	107
-7	141
-7	146
-7	147
-7	26
-7	29
-7	37
-7	39
-8	-40
-8	-41
-8	-75
-8	-76
-8	-77
-8	-78
-8	-79
-8	-80
-8	146
-8	36
-8	38
-9	-35
-9	-36
-9	-37
-9	-40
-9	-56
-9	-64
-9	-75
-9	-76
-9	-78
-9	-79
-9	-80
-9	114
-9	115
-9	116
-9	119
-9	125
-9	140
-9	22
-9	30
-9	36
1	-158
1	-68
1	-76
1	-77
1	-78
1	-79
1	-80
1	-93
1	103
1	104
1	124
1	125
1	128
1	28
1	29
1	30
1	31
1	32
1	33
1	36
1	7
10	-61
10	-62
10	-63
10	-64
10	-65
10	-67
10	-68
10	-69
10	-72
10	-73
10	-75
10	-76
10	-84
10	-85
10	-86
10	-87
10	-88
10	1
10	103
10	104
10	106
10	118
10	123
10	124
10	38
10	76
10	77
10	79
10	99
11	-2
11	-5
11	-61
11	-62
11	-64
11	-65
11	-69
11	-70
11	-71
11	-72
11	-74
11	-75
11	-84
11	-85
11	-86
11	-87
11	103
11	104
11	106
11	107
11	108
11	14
11	162
11	2
11	76
11	79
12	-13
12	-2
12	-62
12	-69
12	-70
12	-71
12	-72
12	-84
12	-86
12	-87
12	-88
12	100
12	102
12	104
12	106
12	107
12	108
12	121
12	75
12	76
12	77
12	79
12	80
12	99
13	-14
13	-15
13	-16
13	-17
13	-60
13	-61
13	-62
13	-72
13	-73
13	-86
13	-87
13	-88
13	-89
13	-90
13	-91
13	-92
13	100
13	101
13	102
13	103
13	104
13	105
13	108
13	120
13	121
13	144
13	74
13	75
13	77
13	78
13	80
13	99
14	-17
14	-18
14	-61
14	-62
14	-63
14	-86
14	-87
14	-88
14	-89
14	-90
14	-91
14	-92
14	-93
14	100
14	101
14	103
14	107
14	120
14	121
14	122
14	145
15	-17
15	-62
15	-85
15	-86
15	-87
15	-88
15	-89
15	-90
15	-91
15	-92
15	-93
15	-94
15	-96
15	-97
15	-98
15	100
15	107
15	108
15	120
15	121
15	145
15	32
15	38
15	39
15	73
15	74
16	-100
16	-101
16	-17
16	-23
16	-62
16	-63
16	-86
16	-87
16	-88
16	-89
16	-90
16	-91
16	-92
16	-93
16	-94
16	-95
16	-96
16	-97
16	-98
16	-99
16	101
16	107
16	121
16	122
16	53
16	54
16	77
16	96
16	99
17	-100
17	-101
17	-102
17	-103
17	-62
17	-63
17	-64
17	-65
17	-66
17	-67
17	-68
17	-69
17	-72
17	-73
17	-77
17	-78
17	-88
17	-89
17	-90
17	-91
17	-92
17	-93
17	-94
17	-95
17	-96
17	-97
17	-98
17	-99
17	102
17	121
17	54
17	75
17	78
17	82
17	83
17	96
17	98
18	-100
18	-102
18	-103
18	-104
18	-105
18	-111
18	-156
18	-63
18	-64
18	-65
18	-66
18	-67
18	-68
18	-69
18	-70
18	-71
18	-72
18	-73
18	-74
18	-75
18	-76
18	-77
18	-78
18	-79
18	-82
18	-88
18	-89
18	-90
18	-91
18	-92
18	-93
18	-94
18	-95
18	-96
18	-97
18	-98
18	-99
18	120
18	31
18	32
18	72
18	73
18	74
18	98
18	99
19	-100
19	-101
19	-102
19	-103
19	-104
19	-105
19	-106
19	-155
19	-156
19	-157
19	-70
19	-71
19	-72
19	-73
19	-76
19	-77
19	-78
19	-80
19	-81
19	-82
19	-88
19	-89
19	-90
19	-91
19	-96
19	-97
19	-98
19	-99
19	102
19	103
19	166
19	54
19	72
19	73
19	74
19	75
19	85
19	98
19	99
2	-118
2	-60
2	-77
2	10
2	101
2	103
2	30
2	31
2	32
2	37
20	-100
20	-101
20	-102
20	-103
20	-104
20	-105
20	-106
20	-156
20	-157
20	-74
20	-75
20	-76
20	-77
20	-78
20	-83
20	-87
20	-88
20	-89
20	-90
20	-91
20	-97
20	-98
20	-99
20	100
20	102
20	103
20	104
20	105
20	106
20	107
20	75
20	96
20	99
21	-100
21	-101
21	-102
21	-103
21	-104
21	-105
21	-106
21	-107
21	-157
21	-158
21	-159
21	-160
21	-72
21	-73
21	-76
21	-77
21	-78
21	-79
21	-80
21	-81
21	-85
21	-87
21	-88
21	-89
21	-90
21	-91
21	-98
21	-99
21	102
21	105
21	120
21	39
21	77
21	93
21	94
22	-100
22	-101
22	-102
22	-103
22	-104
22	-106
22	-107
22	-110
22	-111
22	-160
22	-161
22	-75
22	-79
22	-80
22	-81
22	-82
22	-83
22	-84
22	-98
22	-99
22	113
22	114
22	120
22	121
22	31
22	53
22	54
22	55
22	59
22	69
22	70
22	71
22	72
22	75
22	77
22	80
23	-100
23	-101
23	-102
23	-103
23	-104
23	-105
23	-106
23	-107
23	-108
23	-110
23	-111
23	-112
23	-162
23	-167
23	-74
23	-76
23	-82
23	-83
23	-98
23	-99
23	113
23	120
23	121
23	32
23	52
23	53
23	54
23	55
23	57
23	58
23	59
23	69
23	71
23	72
23	80
23	90
23	97
24	-100
24	-101
24	-102
24	-103
24	-104
24	-105
24	-107
24	-108
24	-109
24	-110
24	-111
24	-112
24	-113
24	-166
24	-75
24	-76
24	-77
24	-78
24	-79
24	-81
24	-82
24	-83
24	-98
24	-99
24	102
24	103
24	110
24	112
24	113
24	120
24	121
24	124
24	32
24	51
24	52
24	53
24	54
24	55
24	56
24	79
24	84
24	90
24	97
25	-100
25	-101
25	-102
25	-103
25	-104
25	-105
25	-108
25	-109
25	-110
25	-111
25	-112
25	-113
25	-172
25	-77
25	-78
25	-79
25	-80
25	-81
25	-82
25	-97
25	-98
25	-99
25	100
25	101
25	102
25	110
25	121
25	28
25	32
25	51
25	52
25	54
25	55
25	56
25	76
25	82
25	83
25	98
25	99
26	-100
26	-102
26	-103
26	-105
26	-106
26	-108
26	-109
26	-110
26	-112
26	-113
26	-114
26	-77
26	-78
26	-79
26	-80
26	-81
26	-82
26	-83
26	-87
26	-88
26	-90
26	-94
26	-96
26	-97
26	-98
26	-99
26	100
26	104
26	106
26	127
26	128
26	33
26	50
26	51
26	56
26	70
26	72
26	73
26	74
26	75
26	76
26	77
26	78
26	79
26	80
26	81
26	86
26	89
26	91
26	93
27	-100
27	-102
27	-103
27	-106
27	-107
27	-108
27	-109
27	-110
27	-111
27	-112
27	-113
27	-114
27	-115
27	-116
27	-12
27	-14
27	-16
27	-18
27	-19
27	-80
27	-81
27	-82
27	-83
27	-84
27	-88
27	-92
27	-95
27	-97
27	-98
27	-99
27	100
27	33
27	34
27	49
27	54
27	70
27	72
27	76
27	77
27	78
27	82
27	84
27	85
27	88
27	89
27	90
27	91
27	99
28	-100
28	-101
28	-103
28	-104
28	-106
28	-107
28	-108
28	-109
28	-11
28	-110
28	-111
28	-112
28	-113
28	-114
28	-115
28	-116
28	-119
28	-12
28	-14
28	-15
28	-16
28	-17
28	-178
28	-18
28	-80
28	-81
28	-82
28	-83
28	-89
28	-90
28	-95
28	-96
28	-97
28	-98
28	-99
28	129
28	33
28	34
28	48
28	73
28	75
28	76
28	77
28	78
28	80
28	81
28	83
28	85
28	98
29	-100
29	-101
29	-102
29	-103
29	-104
29	-105
29	-107
29	-108
29	-109
29	-11
29	-110
29	-111
29	-112
29	-113
29	-114
29	-115
29	-116
29	-119
29	-14
29	-80
29	-81
29	-82
29	-83
29	-84
29	-85
29	-86
29	-88
29	-89
29	-90
29	-91
29	-92
29	-93
29	-94
29	-95
29	-96
29	-97
29	-98
29	-99
29	100
29	102
29	103
29	107
29	112
29	113
29	115
29	116
29	118
29	25
29	31
29	32
29	34
29	35
29	47
29	48
29	52
29	78
29	79
29	91
29	94
3	-152
3	-54
3	-55
3	-56
3	-59
3	-60
3	-62
3	-74
3	-75
3	-77
3	-78
3	10
3	101
3	11
3	16
3	29
3	30
3	39
3	97
3	98
30	-10
30	-100
30	-101
30	-102
30	-103
30	-104
30	-105
30	-106
30	-108
30	-109
30	-11
30	-110
30	-111
30	-112
30	-113
30	-115
30	-116
30	-117
30	-125
30	-7
30	-76
30	-8
30	-81
30	-82
30	-83
30	-84
30	-85
30	-86
30	-87
30	-88
30	-89
30	-9
30	-90
30	-91
30	-92
30	-93
30	-94
30	-95
30	-96
30	-97
30	-98
30	-99
30	101
30	102
30	103
30	104
30	108
30	111
30	114
30	115
30	117
30	118
30	120
30	130
30	30
30	31
30	32
30	34
30	35
30	46
30	47
30	78
31	-10
31	-100
31	-101
31	-102
31	-103
31	-104
31	-105
31	-106
31	-107
31	-108
31	-109
31	-110
31	-111
31	-112
31	-113
31	-114
31	-115
31	-116
31	-117
31	-118
31	-119
31	-120
31	-4
31	-5
31	-6
31	-7
31	-8
31	-80
31	-81
31	-82
31	-83
31	-84
31	-85
31	-86
31	-87
31	-88
31	-89
31	-9
31	-90
31	-91
31	-92
31	-93
31	-94
31	-95
31	-96
31	-97
31	-98
31	-99
31	102
31	103
31	109
31	120
31	121
31	130
31	131
31	29
31	32
31	34
31	35
31	36
31	64
31	74
31	77
32	-10
32	-100
32	-101
32	-102
32	-103
32	-104
32	-105
32	-106
32	-107
32	-108
32	-109
32	-110
32	-111
32	-112
32	-113
32	-114
32	-115
32	-116
32	-117
32	-118
32	-119
32	-120
32	-121
32	-130
32	-17
32	-18
32	-65
32	-75
32	-79
32	-80
32	-81
32	-82
32	-83
32	-84
32	-85
32	-86
32	-87
32	-88
32	-89
32	-9
32	-90
32	-91
32	-92
32	-93
32	-94
32	-95
32	-96
32	-97
32	-98
32	-99
32	102
32	104
32	129
32	130
32	131
32	34
32	35
32	51
32	76
32	9
32	91
33	-100
33	-101
33	-102
33	-103
33	-104
33	-105
33	-106
33	-107
33	-108
33	-109
33	-110
33	-111
33	-112
33	-113
33	-114
33	-115
33	-116
33	-117
33	-118
33	-119
33	-120
33	-121
33	-123
33	-17
33	-6
33	-71
33	-72
33	-75
33	-78
33	-79
33	-8
33	-80
33	-81
33	-82
33	-83
33	-84
33	-85
33	-86
33	-87
33	-88
33	-89
33	-90
33	-91
33	-92
33	-93
33	-94
33	-95
33	-96
33	-97
33	-98
33	-99
33	10
33	102
33	103
33	104
33	107
33	11
33	120
33	126
33	129
33	130
33	139
33	35
33	36
33	42
33	44
33	75
33	8
33	9
33	94
34	-100
34	-101
34	-102
34	-103
34	-104
34	-105
34	-106
34	-107
34	-108
34	-109
34	-110
34	-111
34	-112
34	-113
34	-114
34	-115
34	-116
34	-117
34	-118
34	-119
34	-120
34	-121
34	-122
34	-123
34	-35
34	-5
34	-6
34	-67
34	-7
34	-75
34	-76
34	-77
34	-78
34	-79
34	-80
34	-81
34	-82
34	-83
34	-84
34	-85
34	-86
34	-87
34	-88
34	-89
34	-90
34	-91
34	-92
34	-93
34	-94
34	-95
34	-96
34	-97
34	-98
34	-99
34	10
34	108
34	109
34	112
34	114
34	126
34	127
34	135
34	137
34	24
34	32
34	33
34	38
34	69
34	74
34	75
34	77
34	9
35	-100
35	-101
35	-102
35	-103
35	-104
35	-105
35	-106
35	-107
35	-108
35	-109
35	-110
35	-111
35	-112
35	-113
35	-114
35	-115
35	-116
35	-117
35	-118
35	-119
35	-120
35	-121
35	-122
35	-123
35	-6
35	-7
35	-71
35	-75
35	-76
35	-77
35	-78
35	-79
35	-80
35	-81
35	-82
35	-83
35	-84
35	-85
35	-86
35	-87
35	-88
35	-89
35	-90
35	-91
35	-92
35	-93
35	-94
35	-95
35	-96
35	-97
35	-98
35	-99
35	10
35	102
35	119
35	126
35	127
35	128
35	129
35	133
35	135
35	136
35	137
35	138
35	139
35	14
35	140
35	23
35	24
35	25
35	26
35	33
35	35
35	36
35	39
35	40
35	51
35	9
35	98
36	-100
36	-101
36	-102
36	-103
36	-104
36	-105
36	-106
36	-107
36	-108
36	-109
36	-110
36	-111
36	-112
36	-113
36	-114
36	-115
36	-116
36	-117
36	-118
36	-119
36	-120
36	-121
36	-122
36	-123
36	-124
36	-3
36	-4
36	-5
36	-6
36	-7
36	-75
36	-76
36	-77
36	-78
36	-79
36	-80
36	-81
36	-82
36	-83
36	-84
36	-85
36	-86
36	-87
36	-88
36	-89
36	-9
36	-90
36	-91
36	-92
36	-93
36	-94
36	-95
36	-96
36	-97
36	-98
36	-99
36	10
36	100
36	101
36	102
36	125
36	126
36	127
36	128
36	129
36	136
36	137
36	138
36	139
36	14
36	140
36	15
36	22
36	23
36	24
36	25
36	27
36	28
36	29
36	30
36	31
36	32
36	33
36	34
36	35
36	37
36	8
36	98
36	99
37	-100
37	-101
37	-102
37	-103
37	-104
37	-105
37	-106
37	-107
37	-108
37	-109
37	-110
37	-111
37	-112
37	-113
37	-114
37	-115
37	-116
37	-117
37	-118
37	-119
37	-120
37	-121
37	-122
37	-123
37	-124
37	-126
37	-2
37	-26
37	-3
37	-4
37	-5
37	-55
37	-6
37	-7
37	-74
37	-75
37	-76
37	-77
37	-78
37	-79
37	-8
37	-80
37	-81
37	-82
37	-83
37	-84
37	-85
37	-86
37	-87
37	-88
37	-89
37	-9
37	-90
37	-91
37	-92
37	-93
37	-94
37	-95
37	-96
37	-97
37	-98
37	-99
37	101
37	12
37	124
37	125
37	126
37	127
37	129
37	13
37	14
37	15
37	21
37	22
37	23
37	25
37	26
37	27
37	28
37	29
37	30
37	31
37	35
37	37
37	9
38	-10
38	-100
38	-101
38	-102
38	-103
38	-104
38	-105
38	-106
38	-107
38	-108
38	-109
38	-110
38	-111
38	-112
38	-113
38	-114
38	-115
38	-116
38	-117
38	-118
38	-119
38	-120
38	-121
38	-122
38	-123
38	-124
38	-126
38	-4
38	-6
38	-7
38	-73
38	-74
38	-75
38	-76
38	-77
38	-78
38	-79
38	-80
38	-81
38	-82
38	-83
38	-84
38	-85
38	-86
38	-87
38	-88
38	-89
38	-9
38	-90
38	-91
38	-92
38	-93
38	-94
38	-95
38	-96
38	-97
38	-98
38	-99
38	100
38	12
38	127
38	13
38	14
38	140
38	141
38	142
38	15
38	16
38	21
38	22
38	23
38	24
38	26
38	27
38	30
38	31
38	34
38	42
38	74
39	-10
39	-100
39	-101
39	-102
39	-103
39	-104
39	-105
39	-106
39	-107
39	-108
39	-109
39	-110
39	-111
39	-112
39	-113
39	-114
39	-115
39	-116
39	-117
39	-118
39	-119
39	-120
39	-121
39	-122
39	-123
39	-124
39	-125
39	-3
39	-4
39	-5
39	-6
39	-69
39	-7
39	-70
39	-71
39	-72
39	-73
39	-74
39	-75
39	-76
39	-77
39	-78
39	-79
39	-8
39	-80
39	-81
39	-82
39	-83
39	-84
39	-85
39	-86
39	-87
39	-88
39	-89
39	-9
39	-90
39	-91
39	-92
39	-93
39	-94
39	-95
39	-96
39	-97
39	-98
39	-99
39	116
39	118
39	119
39	140
39	142
39	19
39	2
39	20
39	21
39	22
39	23
39	26
39	3
39	32
39	66
39	67
39	8
39	9
4	-53
4	-56
4	-57
4	-59
4	-60
4	-61
4	-62
4	-69
4	-73
4	-74
4	-75
4	-76
4	100
4	101
4	102
4	103
4	11
4	113
4	114
4	117
4	118
4	21
4	29
4	38
4	4
4	8
4	9
4	96
40	-100
40	-101
40	-102
40	-103
40	-104
40	-105
40	-106
40	-107
40	-108
40	-109
40	-110
40	-111
40	-112
40	-113
40	-114
40	-115
40	-116
40	-117
40	-118
40	-119
40	-120
40	-121
40	-122
40	-123
40	-124
40	-125
40	-2
40	-3
40	-4
40	-5
40	-6
40	-68
40	-69
40	-7
40	-70
40	-71
40	-72
40	-73
40	-74
40	-75
40	-76
40	-77
40	-78
40	-79
40	-8
40	-80
40	-81
40	-82
40	-83
40	-84
40	-85
40	-86
40	-87
40	-88
40	-89
40	-9
40	-90
40	-91
40	-92
40	-93
40	-94
40	-95
40	-96
40	-97
40	-98
40	-99
40	115
40	116
40	117
40	119
40	14
40	141
40	142
40	19
40	20
40	21
40	22
40	23
40	24
40	25
40	26
40	27
40	28
40	29
40	40
40	70
40	8
40	94
41	-100
41	-101
41	-102
41	-103
41	-104
41	-105
41	-106
41	-107
41	-108
41	-109
41	-110
41	-111
41	-112
41	-113
41	-114
41	-115
41	-116
41	-117
41	-118
41	-119
41	-120
41	-121
41	-122
41	-123
41	-124
41	-125
41	-126
41	-2
41	-4
41	-44
41	-6
41	-68
41	-69
41	-7
41	-70
41	-71
41	-72
41	-73
41	-74
41	-75
41	-76
41	-77
41	-78
41	-79
41	-80
41	-81
41	-82
41	-83
41	-84
41	-85
41	-86
41	-87
41	-88
41	-89
41	-90
41	-91
41	-92
41	-93
41	-94
41	-95
41	-96
41	-97
41	-98
41	-99
41	1
41	12
41	13
41	14
41	140
41	141
41	144
41	15
41	16
41	19
41	2
41	20
41	21
41	22
41	23
41	24
41	25
41	26
41	28
41	29
41	8
41	81
41	9
42	-10
42	-100
42	-101
42	-102
42	-103
42	-104
42	-105
42	-106
42	-107
42	-108
42	-109
42	-110
42	-111
42	-112
42	-113
42	-114
42	-115
42	-116
42	-117
42	-118
42	-119
42	-120
42	-121
42	-122
42	-123
42	-124
42	-125
42	-126
42	-2
42	-3
42	-4
42	-45
42	-5
42	-68
42	-69
42	-70
42	-71
42	-72
42	-73
42	-74
42	-75
42	-76
42	-77
42	-78
42	-79
42	-8
42	-80
42	-81
42	-82
42	-83
42	-84
42	-85
42	-86
42	-87
42	-88
42	-89
42	-9
42	-90
42	-91
42	-92
42	-93
42	-94
42	-95
42	-96
42	-97
42	-98
42	-99
42	1
42	11
42	12
42	13
42	14
42	140
42	141
42	143
42	144
42	15
42	18
42	19
42	2
42	23
42	27
42	3
42	74
42	8
42	9
43	-100
43	-101
43	-102
43	-103
43	-104
43	-105
43	-106
43	-107
43	-108
43	-109
43	-110
43	-111
43	-112
43	-113
43	-114
43	-115
43	-116
43	-117
43	-118
43	-119
43	-120
43	-121
43	-122
43	-123
43	-124
43	-125
43	-126
43	-2
43	-3
43	-4
43	-5
43	-6
43	-60
43	-62
43	-65
43	-66
43	-67
43	-68
43	-69
43	-7
43	-70
43	-71
43	-72
43	-73
43	-74
43	-75
43	-76
43	-77
43	-78
43	-79
43	-8
43	-80
43	-81
43	-82
43	-83
43	-84
43	-85
43	-86
43	-87
43	-88
43	-89
43	-90
43	-91
43	-92
43	-93
43	-94
43	-95
43	-96
43	-97
43	-98
43	-99
43	1
43	10
43	11
43	12
43	131
43	141
43	142
43	144
43	145
43	16
43	17
43	18
43	19
43	2
43	21
43	24
43	25
43	27
43	28
43	3
43	4
43	5
43	6
43	7
43	76
43	77
43	78
43	79
43	80
43	87
44	-100
44	-101
44	-102
44	-103
44	-104
44	-105
44	-106
44	-107
44	-108
44	-109
44	-110
44	-111
44	-112
44	-113
44	-114
44	-115
44	-116
44	-117
44	-118
44	-119
44	-120
44	-121
44	-122
44	-123
44	-124
44	-125
44	-126
44	-2
44	-47
44	-63
44	-64
44	-65
44	-66
44	-67
44	-68
44	-69
44	-70
44	-71
44	-72
44	-73
44	-74
44	-75
44	-76
44	-77
44	-78
44	-79
44	-80
44	-81
44	-82
44	-83
44	-84
44	-85
44	-86
44	-87
44	-88
44	-89
44	-90
44	-91
44	-92
44	-93
44	-94
44	-95
44	-96
44	-97
44	-98
44	-99
44	1
44	10
44	11
44	110
44	12
44	122
44	141
44	144
44	145
44	19
44	2
44	20
44	21
44	22
44	25
44	26
44	27
44	28
44	29
44	3
44	4
44	5
44	6
44	7
44	75
44	8
44	9
45	-100
45	-101
45	-102
45	-103
45	-104
45	-105
45	-106
45	-107
45	-108
45	-109
45	-110
45	-111
45	-112
45	-113
45	-114
45	-115
45	-116
45	-117
45	-118
45	-119
45	-120
45	-121
45	-122
45	-123
45	-124
45	-125
45	-126
45	-146
45	-2
45	-34
45	-4
45	-52
45	-60
45	-61
45	-62
45	-63
45	-64
45	-65
45	-66
45	-67
45	-68
45	-69
45	-70
45	-71
45	-72
45	-73
45	-74
45	-75
45	-76
45	-77
45	-78
45	-79
45	-80
45	-81
45	-82
45	-83
45	-84
45	-85
45	-86
45	-87
45	-88
45	-89
45	-90
45	-91
45	-92
45	-93
45	-94
45	-95
45	-96
45	-97
45	-98
45	-99
45	1
45	10
45	11
45	12
45	13
45	14
45	141
45	16
45	19
45	25
45	28
45	29
45	4
45	5
45	6
45	7
45	75
45	8
45	84
45	9
46	-100
46	-101
46	-102
46	-103
46	-104
46	-105
46	-106
46	-107
46	-108
46	-109
46	-110
46	-111
46	-112
46	-113
46	-114
46	-115
46	-116
46	-117
46	-118
46	-119
46	-120
46	-121
46	-122
46	-123
46	-124
46	-125
46	-126
46	-2
46	-3
46	-38
46	-53
46	-54
46	-55
46	-56
46	-57
46	-58
46	-59
46	-60
46	-61
46	-62
46	-63
46	-64
46	-65
46	-66
46	-67
46	-68
46	-69
46	-70
46	-71
46	-72
46	-73
46	-74
46	-75
46	-76
46	-77
46	-78
46	-79
46	-80
46	-81
46	-82
46	-83
46	-84
46	-85
46	-86
46	-87
46	-88
46	-89
46	-90
46	-91
46	-92
46	-93
46	-94
46	-95
46	-96
46	-97
46	-98
46	-99
46	1
46	10
46	108
46	109
46	11
46	12
46	122
46	13
46	14
46	142
46	17
46	18
46	19
46	23
46	25
46	28
46	3
46	30
46	32
46	34
46	4
46	5
46	6
46	7
46	8
46	9
47	-100
47	-101
47	-102
47	-103
47	-104
47	-105
47	-106
47	-107
47	-108
47	-109
47	-110
47	-111
47	-112
47	-113
47	-114
47	-115
47	-116
47	-117
47	-118
47	-119
47	-120
47	-121
47	-122
47	-123
47	-124
47	-125
47	-126
47	-2
47	-3
47	-5
47	-53
47	-54
47	-55
47	-56
47	-57
47	-58
47	-59
47	-60
47	-61
47	-62
47	-64
47	-65
47	-66
47	-67
47	-68
47	-69
47	-70
47	-71
47	-72
47	-73
47	-74
47	-75
47	-76
47	-77
47	-78
47	-80
47	-81
47	-82
47	-83
47	-84
47	-85
47	-86
47	-88
47	-89
47	-90
47	-91
47	-92
47	-93
47	-94
47	-95
47	-96
47	-97
47	-98
47	-99
47	1
47	10
47	105
47	106
47	107
47	11
47	118
47	12
47	13
47	16
47	18
47	19
47	2
47	20
47	21
47	22
47	28
47	3
47	4
47	5
47	6
47	7
47	8
47	9
48	-100
48	-101
48	-102
48	-103
48	-104
48	-105
48	-106
48	-107
48	-108
48	-109
48	-110
48	-111
48	-112
48	-113
48	-114
48	-115
48	-116
48	-117
48	-118
48	-119
48	-120
48	-121
48	-122
48	-123
48	-124
48	-125
48	-126
48	-127
48	-2
48	-3
48	-4
48	-43
48	-5
48	-53
48	-54
48	-55
48	-56
48	-57
48	-58
48	-59
48	-6
48	-60
48	-65
48	-66
48	-67
48	-68
48	-69
48	-70
48	-71
48	-72
48	-73
48	-74
48	-78
48	-79
48	-80
48	-81
48	-82
48	-83
48	-85
48	-86
48	-87
48	-88
48	-89
48	-90
48	-91
48	-92
48	-93
48	-94
48	-95
48	-96
48	-97
48	-98
48	-99
48	1
48	10
48	107
48	108
48	11
48	117
48	118
48	12
48	13
48	135
48	14
48	15
48	16
48	17
48	19
48	2
48	20
48	21
48	3
48	38
48	4
48	6
48	7
48	8
48	9
49	-100
49	-101
49	-102
49	-103
49	-104
49	-105
49	-106
49	-107
49	-108
49	-109
49	-110
49	-111
49	-112
49	-113
49	-114
49	-115
49	-116
49	-117
49	-118
49	-119
49	-120
49	-121
49	-122
49	-123
49	-124
49	-125
49	-126
49	-127
49	-128
49	-2
49	-3
49	-54
49	-55
49	-56
49	-57
49	-58
49	-59
49	-6
49	-62
49	-64
49	-65
49	-66
49	-67
49	-68
49	-69
49	-7
49	-70
49	-72
49	-73
49	-74
49	-75
49	-77
49	-78
49	-79
49	-81
49	-82
49	-83
49	-84
49	-85
49	-86
49	-87
49	-88
49	-89
49	-91
49	-92
49	-93
49	-94
49	-95
49	-96
49	-97
49	-98
49	-99
49	1
49	10
49	11
49	119
49	12
49	13
49	14
49	15
49	16
49	19
49	2
49	20
49	22
49	3
49	36
49	4
49	6
49	7
49	73
49	75
49	8
49	9
5	-2
5	-53
5	-54
5	-55
5	-56
5	-60
5	-61
5	-62
5	-68
5	-71
5	-73
5	-74
5	-75
5	-76
5	-77
5	-81
5	-88
5	10
5	100
5	101
5	102
5	115
5	116
5	117
5	118
5	8
5	80
5	9
50	-100
50	-101
50	-102
50	-103
50	-104
50	-105
50	-106
50	-107
50	-108
50	-109
50	-110
50	-111
50	-112
50	-113
50	-114
50	-115
50	-116
50	-117
50	-118
50	-119
50	-120
50	-121
50	-122
50	-123
50	-124
50	-125
50	-126
50	-127
50	-128
50	-129
50	-130
50	-2
50	-3
50	-4
50	-5
50	-55
50	-57
50	-58
50	-6
50	-60
50	-61
50	-62
50	-63
50	-64
50	-65
50	-66
50	-67
50	-69
50	-74
50	-76
50	-82
50	-86
50	-87
50	-90
50	-91
50	-92
50	-93
50	-94
50	-95
50	-96
50	-97
50	-98
50	-99
50	1
50	10
50	119
50	12
50	122
50	14
50	15
50	19
50	2
50	3
50	30
50	36
50	4
50	5
50	6
50	69
50	7
50	70
50	8
50	9
51	-10
51	-100
51	-101
51	-102
51	-103
51	-104
51	-105
51	-106
51	-107
51	-108
51	-109
51	-11
51	-110
51	-111
51	-112
51	-113
51	-114
51	-115
51	-116
51	-117
51	-118
51	-119
51	-120
51	-121
51	-122
51	-123
51	-124
51	-125
51	-128
51	-129
51	-130
51	-171
51	-176
51	-177
51	-178
51	-179
51	-2
51	-3
51	-4
51	-5
51	-55
51	-56
51	-57
51	-58
51	-6
51	-61
51	-69
51	-73
51	-74
51	-81
51	-87
51	-88
51	-9
51	-91
51	-93
51	-94
51	-95
51	-96
51	-97
51	-98
51	-99
51	1
51	10
51	104
51	106
51	11
51	13
51	14
51	175
51	177
51	178
51	179
51	2
51	22
51	23
51	3
51	4
51	5
51	6
51	71
51	8
51	9
52	-10
52	-100
52	-101
52	-102
52	-103
52	-104
52	-105
52	-106
52	-107
52	-108
52	-109
52	-11
52	-110
52	-111
52	-112
52	-113
52	-114
52	-115
52	-116
52	-117
52	-118
52	-119
52	-120
52	-121
52	-122
52	-123
52	-124
52	-125
52	-126
52	-127
52	-128
52	-129
52	-130
52	-132
52	-133
52	-136
52	-169
52	-170
52	-180
52	-2
52	-3
52	-4
52	-5
52	-56
52	-57
52	-59
52	-6
52	-60
52	-61
52	-67
52	-7
52	-78
52	-8
52	-81
52	-9
52	-93
52	1
52	10
52	104
52	11
52	113
52	12
52	13
52	14
52	15
52	169
52	172
52	173
52	174
52	175
52	176
52	177
52	178
52	179
52	19
52	21
52	22
52	4
52	5
52	6
52	9
53	-10
53	-100
53	-101
53	-102
53	-104
53	-105
53	-106
53	-107
53	-108
53	-109
53	-11
53	-110
53	-111
53	-112
53	-113
53	-114
53	-115
53	-116
53	-117
53	-118
53	-119
53	-120
53	-121
53	-122
53	-123
53	-124
53	-125
53	-129
53	-130
53	-131
53	-132
53	-133
53	-134
53	-167
53	-169
53	-170
53	-171
53	-2
53	-3
53	-4
53	-5
53	-57
53	-6
53	-61
53	-63
53	-64
53	-69
53	-7
53	-70
53	-78
53	-79
53	-8
53	-82
53	-9
53	-95
53	-98
53	10
53	12
53	14
53	158
53	159
53	170
53	19
53	22
53	4
53	5
53	6
53	7
53	8
53	9
54	-10
54	-100
54	-101
54	-102
54	-104
54	-105
54	-106
54	-108
54	-109
54	-11
54	-110
54	-111
54	-112
54	-113
54	-114
54	-115
54	-116
54	-117
54	-118
54	-119
54	-120
54	-122
54	-123
54	-124
54	-125
54	-126
54	-127
54	-128
54	-129
54	-130
54	-131
54	-132
54	-133
54	-134
54	-160
54	-161
54	-162
54	-163
54	-164
54	-165
54	-166
54	-167
54	-168
54	-2
54	-3
54	-4
54	-5
54	-57
54	-58
54	-59
54	-6
54	-62
54	-68
54	-7
54	-8
54	-9
54	-93
54	-98
54	-99
54	10
54	11
54	12
54	13
54	163
54	18
54	19
54	24
54	25
54	7
54	8
54	82
54	9
55	-105
55	-106
55	-108
55	-112
55	-114
55	-115
55	-116
55	-117
55	-118
55	-119
55	-120
55	-121
55	-122
55	-123
55	-124
55	-125
55	-126
55	-128
55	-129
55	-130
55	-131
55	-132
55	-133
55	-134
55	-135
55	-154
55	-156
55	-160
55	-161
55	-162
55	-163
55	-164
55	-167
55	-169
55	-2
55	-3
55	-4
55	-5
55	-58
55	-6
55	-7
55	-8
55	-84
55	-85
55	-9
55	-98
55	-99
55	10
55	11
55	12
55	13
55	14
55	21
55	37
55	38
55	71
55	8
55	82
55	93
56	-101
56	-102
56	-112
56	-117
56	-118
56	-119
56	-120
56	-121
56	-122
56	-123
56	-124
56	-130
56	-131
56	-132
56	-133
56	-134
56	-135
56	-136
56	-154
56	-155
56	-157
56	-158
56	-159
56	-170
56	-173
56	-174
56	-3
56	-4
56	-5
56	-6
56	-62
56	-7
56	-95
56	-97
56	10
56	101
56	12
56	13
56	16
56	22
56	24
56	35
56	37
56	8
56	88
56	9
57	-104
57	-112
57	-118
57	-123
57	-129
57	-130
57	-131
57	-132
57	-133
57	-134
57	-135
57	-136
57	-137
57	-151
57	-153
57	-154
57	-155
57	-156
57	-158
57	-159
57	-171
57	-174
57	-2
57	-3
57	-4
57	-5
57	-6
57	-63
57	-68
57	-7
57	-8
57	-93
57	-94
57	-95
57	10
57	11
57	12
57	13
57	14
57	34
57	38
57	39
57	8
57	9
58	-112
58	-117
58	-118
58	-119
58	-123
58	-124
58	-125
58	-126
58	-130
58	-131
58	-134
58	-135
58	-136
58	-137
58	-138
58	-139
58	-145
58	-149
58	-150
58	-151
58	-152
58	-153
58	-154
58	-155
58	-156
58	-157
58	-158
58	-159
58	-160
58	-161
58	-162
58	-175
58	-176
58	-177
58	-4
58	-5
58	-6
58	-63
58	-64
58	-69
58	-94
58	-95
58	11
58	12
58	13
58	14
58	15
58	16
58	164
58	17
58	18
58	24
58	5
58	55
58	6
58	8
58	9
59	-106
59	-107
59	-108
59	-109
59	-111
59	-112
59	-119
59	-124
59	-125
59	-127
59	-128
59	-129
59	-130
59	-131
59	-132
59	-134
59	-135
59	-136
59	-137
59	-138
59	-140
59	-141
59	-142
59	-143
59	-144
59	-145
59	-146
59	-147
59	-148
59	-149
59	-150
59	-151
59	-152
59	-153
59	-154
59	-155
59	-156
59	-158
59	-159
59	-160
59	-161
59	-162
59	-169
59	-178
59	-179
59	-2
59	-4
59	10
59	11
59	13
59	14
59	15
59	16
59	17
59	18
59	19
59	23
59	24
59	25
59	29
59	30
59	38
59	4
59	5
59	9
6	-57
6	-58
6	-59
6	-62
6	-63
6	-65
6	-68
6	-73
6	-74
6	-75
6	-76
6	-77
6	-78
6	-79
6	-87
6	1
6	10
6	100
6	101
6	116
6	122
6	125
6	158
6	2
6	3
6	45
6	79
6	80
6	81
6	99
60	-104
60	-105
60	-112
60	-113
60	-115
60	-116
60	-118
60	-120
60	-121
60	-122
60	-123
60	-124
60	-127
60	-129
60	-130
60	-131
60	-132
60	-133
60	-134
60	-135
60	-136
60	-137
60	-138
60	-139
60	-143
60	-144
60	-145
60	-146
60	-147
60	-148
60	-149
60	-150
60	-151
60	-152
60	-153
60	-154
60	-155
60	-162
60	-163
60	-165
60	-166
60	-173
60	-174
60	-2
60	-47
60	-65
60	-69
60	-95
60	-96
60	10
60	11
60	15
60	21
60	22
60	23
60	24
60	25
60	26
60	34
60	38
60	4
60	5
60	6
60	7
60	8
60	9
61	-104
61	-105
61	-106
61	-107
61	-110
61	-114
61	-117
61	-121
61	-122
61	-123
61	-124
61	-125
61	-127
61	-128
61	-129
61	-136
61	-137
61	-138
61	-139
61	-140
61	-141
61	-143
61	-144
61	-145
61	-146
61	-147
61	-148
61	-149
61	-150
61	-151
61	-152
61	-165
61	-166
61	-167
61	-66
61	-67
61	-94
61	-95
61	-96
61	10
61	12
61	14
61	23
61	25
61	26
61	27
61	28
61	29
61	6
61	7
61	8
61	9
62	-100
62	-101
62	-102
62	-103
62	-106
62	-107
62	-108
62	-114
62	-115
62	-116
62	-120
62	-121
62	-122
62	-123
62	-124
62	-127
62	-128
62	-129
62	-130
62	-134
62	-135
62	-136
62	-137
62	-141
62	-142
62	-144
62	-145
62	-146
62	-147
62	-148
62	-150
62	-151
62	-153
62	-155
62	-156
62	-160
62	-163
62	-164
62	-64
62	-7
62	-70
62	-73
62	-77
62	-82
62	-83
62	-84
62	-93
62	-98
62	-99
62	12
62	13
62	25
62	27
62	29
62	30
62	31
62	35
62	5
62	6
62	7
62	89
62	9
63	-104
63	-105
63	-111
63	-112
63	-115
63	-116
63	-124
63	-129
63	-135
63	-136
63	-137
63	-138
63	-139
63	-142
63	-143
63	-144
63	-145
63	-146
63	-147
63	-148
63	-149
63	-150
63	-151
63	-152
63	-153
63	-163
63	-172
63	-18
63	-19
63	-21
63	-22
63	-23
63	-69
63	-82
63	-83
63	-84
63	-85
63	-88
63	-91
63	-96
63	-97
63	-98
63	-99
63	10
63	11
63	13
63	14
63	20
63	21
63	24
63	25
63	7
64	-101
64	-102
64	-103
64	-106
64	-111
64	-112
64	-118
64	-125
64	-126
64	-128
64	-130
64	-138
64	-139
64	-140
64	-141
64	-142
64	-146
64	-147
64	-148
64	-149
64	-150
64	-154
64	-155
64	-157
64	-16
64	-161
64	-162
64	-164
64	-165
64	-166
64	-167
64	-17
64	-174
64	-21
64	-22
64	-23
64	-24
64	-77
64	-82
64	-85
64	-88
64	-90
64	-95
64	-96
64	-97
64	-98
64	-99
64	13
64	24
64	25
64	29
65	-102
65	-103
65	-104
65	-109
65	-110
65	-111
65	-123
65	-124
65	-127
65	-128
65	-129
65	-139
65	-145
65	-146
65	-147
65	-148
65	-149
65	-15
65	-150
65	-152
65	-155
65	-157
65	-158
65	-165
65	-167
65	-169
65	-17
65	-18
65	-19
65	-20
65	-21
65	-22
65	-23
65	-24
65	-25
65	-38
65	-58
65	-67
65	-74
65	-90
65	-95
65	-96
65	-97
65	12
65	21
65	22
65	24
65	25
65	29
65	44
66	-102
66	-126
66	-127
66	-137
66	-138
66	-149
66	-15
66	-150
66	-151
66	-152
66	-155
66	-156
66	-157
66	-16
66	-163
66	-166
66	-167
66	-17
66	-18
66	-24
66	-54
66	-66
66	-72
66	-73
66	-74
66	-75
66	-96
66	-99
66	12
66	13
66	20
66	29
67	-100
67	-101
67	-102
67	-103
67	-105
67	-108
67	-110
67	-111
67	-116
67	-123
67	-126
67	-127
67	-132
67	-133
67	-134
67	-135
67	-136
67	-137
67	-140
67	-149
67	-150
67	-151
67	-152
67	-153
67	-154
67	-162
67	-163
67	-164
67	-165
67	-64
67	-98
67	-99
67	11
67	12
67	13
67	14
67	19
67	20
67	21
67	22
67	23
67	24
67	26
68	-105
68	-108
68	-115
68	-121
68	-123
68	-124
68	-134
68	-135
68	-136
68	-138
68	-140
68	-141
68	-143
68	-145
68	-146
68	-149
68	-150
68	-152
68	-153
68	-162
68	-163
68	-84
68	-94
68	13
68	14
68	15
68	16
68	17
68	18
68	21
68	24
68	27
68	28
69	-105
69	-106
69	-107
69	-121
69	-123
69	-129
69	-130
69	-131
69	-132
69	-133
69	-134
69	-135
69	-136
69	-138
69	-139
69	-140
69	-141
69	-142
69	-143
69	-145
69	-149
69	-153
69	-162
69	-163
69	-164
69	-52
69	-54
69	-82
69	15
69	17
69	18
69	19
69	20
69	23
69	24
69	25
69	27
69	28
69	29
69	30
7	-12
7	-62
7	-63
7	-66
7	-68
7	-69
7	-70
7	-72
7	-73
7	-74
7	-77
7	-78
7	-79
7	-81
7	-82
7	-86
7	-87
7	12
7	122
7	125
7	13
7	151
7	2
7	38
7	79
7	80
7	81
7	98
7	99
70	-114
70	-125
70	-129
70	-130
70	-131
70	-144
70	-148
70	-149
70	-151
70	-152
70	-153
70	-154
70	-163
70	25
70	28
70	29
70	30
70	31
71	-110
71	-126
71	-156
71	-157
71	25
72	-122
72	-126
72	-57
72	-78
72	-79
72	-85
72	-86
72	-94
73	-120
73	-121
73	-81
73	-86
73	-91
74	-110
74	-111
74	-120
74	-121
74	-83
74	-89
74	-92
74	-95
74	8
75	-106
75	-107
75	-108
75	-109
75	-85
75	-97
75	-99
76	-102
76	-109
76	-118
76	-119
76	-120
76	-70
76	-90
76	-98
77	-119
78	-75
78	11
78	15
78	17
78	20
79	-86
79	-97
79	14
79	26
8	-12
8	-13
8	-14
8	-61
8	-62
8	-63
8	-64
8	-68
8	-69
8	-70
8	-71
8	-72
8	-74
8	-77
8	-78
8	-79
8	-80
8	-81
8	-82
8	-83
8	-84
8	-85
8	-86
8	-87
8	106
8	117
8	124
8	125
8	126
8	13
8	167
8	38
8	39
8	76
8	79
8	80
8	98
8	99
80	-86
80	-88
80	18
81	-71
81	-72
81	-73
81	-77
82	-63
82	-84
84	-35
89	-151
89	-8
89	170
9	-13
9	-2
9	-61
9	-62
9	-63
9	-64
9	-66
9	-68
9	-69
9	-70
9	-71
9	-72
9	-74
9	-75
9	-76
9	-78
9	-79
9	-80
9	-81
9	-83
9	-84
9	-85
9	-86
9	-87
9	118
9	122
9	123
9	124
9	13
9	138
9	76
9	77
9	98
9	99
